6, 6, 5, 5, 3
0 0 4.9625
0 1 -11.8969
0 2 12.6163
0 3 -11.7993
0 4 18.0478
0 5 14.4573
0 6 5.19209
0 7 24.043
0 8 5.20273
0 9 4.80959
0 10 10.756
0 11 -0.131217
0 12 -6.35038
0 13 -6.25262
0 14 -6.53928
0 15 -5.88631
0 16 -19.2177
0 17 -14.209
0 18 2.88829
0 19 1.02002
0 20 -1.38579
0 21 0.359424
0 22 -19.5534
0 23 -8.56033
0 24 -13.0897
0 25 -7.3026
0 26 2.11689
0 27 -14.3493
0 28 -4.24061
0 29 -2.28643
0 30 -4.20182
0 31 2.69658
0 32 18.5338
0 33 3.14857
0 34 -6.33743
0 35 -16.4115
1 0 5.90635
1 1 -5.30276
1 2 -17.5601
1 3 -13.5268
1 4 -16.4362
1 5 -1.41024
1 6 4.64871
1 7 0.83344
1 8 5.4372
1 9 -2.01628
1 10 9.85575
1 11 -1.84644
1 12 -4.56019
1 13 1.78242
1 14 -13.3927
1 15 12.9728
1 16 -6.69346
1 17 -7.4415
1 18 2.14169
1 19 2.12571
1 20 -4.23949
1 21 0.239387
1 22 12.5757
1 23 -2.8866
1 24 -6.61232
1 25 1.73369
1 26 3.38803
1 27 5.22206
1 28 14.2331
1 29 4.87519
2 0 7.07747
2 1 20.0502
2 2 -9.58347
2 3 -10.7596
2 4 -0.938069
2 5 -13.0845
2 6 4.82097
2 7 -2.99354
2 8 8.61514
2 9 9.7123
2 10 -20.0548
2 11 9.73119
2 12 -6.46118
2 13 5.56236
2 14 -2.36982
2 15 -1.62452
2 16 -5.07198
2 17 8.31992
2 18 -1.98915
2 19 9.12436
2 20 4.07943
2 21 10.0567
2 22 0.0508689
2 23 9.28874
2 24 6.98804
3 0 -9.70389
3 1 -12.1648
3 2 10.0904
3 3 9.74135
3 4 -5.05998
3 5 2.98577
3 6 9.45942
3 7 9.19691
3 8 -14.0673
3 9 1.48241
3 10 -2.01629
3 11 -10.9404
3 12 10.7069
3 13 7.79677
3 14 -18.752
-
0 0 8.49362
0 1 -6.85847
0 2 -1.4161
0 3 5.46158
0 4 2.41678
0 5 3.90072
1 0 5.72494
1 1 -3.7755
1 2 -1.32994
1 3 3.64533
1 4 -8.24843
1 5 6.90994
2 0 -6.67412
2 1 -5.9288
2 2 -3.89742
2 3 -15.3852
2 4 -1.60419
3 0 -2.23134
3 1 -0.161707
3 2 13.8463
3 3 3.24366
3 4 -10.5709
4 0 16.8513
4 1 4.61753
4 2 15.4913
